6402
1053
1725
7495
397
5029
616
2041
1352
41818
3330
1566
851
3290
6096
1344496
1661
860
17070
1593
1626
190690
1496
362
2571
1517
1179
3943
5115
548
1005
6727
669
1784
350
963
7399
2089
9704
771
3691
2235
3722
953
86465
15823
20755
8410
142707
16300
1076
4611
3356
2763
15300
5579
42194
3644
1492
1680
1300
4411
50715
30190
1516
2561
4617
2923
3917
1235
6714
31745
2054
2206
1179
313
802
957
2868
1321
26939
2145
34120
897
446
1908
50676
626
6479
17253
2003
8373
960
2491
1208
874
1178
9204
126720
7157
46469
4247
974
40
373
891
64
702
60
329
143
3793
552
231
174
678
855
48942
270
199
2070
359
302
16979
274
76
537
236
269
451
651
61
137
951
95
290
38
132
1037
462
902
151
478
342
417
152
7750
1661
2231
925
11103
1917
162
747
648
448
1544
779
4564
457
222
268
162
530
5989
4049
259
396
619
500
559
199
967
3107
289
465
214
52
46
113
409
196
2515
299
3763
128
57
310
3487
124
781
2801
183
915
146
299
241
159
171
1072
9861
832
4224
786
208
12
56
275
8
164
22
82
43
1499
124
41
40
104
239
27094
57
39
626
51
75
5311
41
10
83
48
73
153
199
17
33
269
20
53
15
16
167
125
541
22
132
78
97
48
2416
490
619
232
3187
541
34
189
104
108
383
206
1533
137
65
45
35
175
1797
1008
62
68
167
107
158
37
229
905
94
69
33
15
17
29
113
68
611
64
1204
34
18
46
1229
28
209
692
105
247
35
77
63
46
28
272
3240
330
1420
178
22831
1498
4899
12337
1798
9314
1725
4450
3224
33666
10568
5630
5029
12433
13051
458677
6288
4214
19216
5087
5713
167471
5653
2780
13652
7381
4494
13146
8532
1945
4151
13508
3210
6441
1656
2158
14018
9775
10951
3979
11721
7764
6140
4658
83214
25226
25084
10783
110401
26797
4528
8649
10229
8203
26942
14363
70795
11886
3798
4067
4853
6830
71970
37437
4243
4821
12662
8651
9107
4462
14398
35813
6874
5648
5761
1681
1678
1773
10045
5752
27120
8289
50183
2531
1970
8238
54101
1783
11124
38845
5811
19136
4054
4290
5583
6976
5646
12669
133365
21636
55907
13243
